5.419752120971679688e+00
5.418128490447998047e+00
5.416816234588623047e+00
5.356333255767822266e+00
5.384741306304931641e+00
5.311401844024658203e+00
5.354824066162109375e+00
5.355618953704833984e+00
5.386108875274658203e+00
5.416803359985351562e+00
5.417107105255126953e+00
5.417557716369628906e+00
5.386767864227294922e+00
5.353746891021728516e+00
5.353958606719970703e+00
5.386598110198974609e+00
5.355383396148681641e+00
5.312286376953125000e+00
5.313090324401855469e+00
5.311347961425781250e+00
5.312046527862548828e+00
5.385138034820556641e+00
5.354823112487792969e+00
5.386877536773681641e+00
5.386041641235351562e+00
5.416923522949218750e+00
5.415084362030029297e+00
5.414749622344970703e+00
5.460385322570800781e+00
5.461179733276367188e+00
5.496510028839111328e+00
5.496570110321044922e+00
5.462368011474609375e+00
5.461548328399658203e+00
5.461905479431152344e+00
5.496568679809570312e+00
5.496506214141845703e+00
5.496532917022705078e+00
5.458684921264648438e+00
5.458476066589355469e+00
5.496525287628173828e+00
5.496541500091552734e+00
5.457924365997314453e+00
5.459295749664306641e+00
5.496595859527587891e+00
5.496606349945068359e+00
5.496509075164794922e+00
5.458148956298828125e+00
5.458424568176269531e+00
5.459155082702636719e+00
5.496545314788818359e+00
5.496532440185546875e+00
5.461163997650146484e+00
5.460093021392822266e+00
5.416511058807373047e+00
5.354559421539306641e+00
5.387813091278076172e+00
5.416180133819580078e+00
5.417142868041992188e+00
5.355798244476318359e+00
5.356153964996337891e+00
5.357059955596923828e+00
5.388586521148681641e+00
5.387826919555664062e+00
5.312059879302978516e+00
5.312666893005371094e+00
5.312212944030761719e+00
5.312299251556396484e+00
5.312888145446777344e+00
5.313314437866210938e+00
5.312940120697021484e+00
5.416721343994140625e+00
5.390739440917968750e+00
5.387387752532958984e+00
5.353458404541015625e+00
5.354047298431396484e+00
5.388596534729003906e+00
5.313965320587158203e+00
5.313267230987548828e+00
5.421138763427734375e+00
5.385605335235595703e+00
5.353809356689453125e+00
5.420285224914550781e+00
5.420937061309814453e+00
5.422234058380126953e+00
5.496585369110107422e+00
5.465319633483886719e+00
5.465088844299316406e+00
5.496542453765869141e+00
5.496550559997558594e+00
5.464103221893310547e+00
5.463009834289550781e+00
5.496547222137451172e+00
5.496537685394287109e+00
5.496518611907958984e+00
5.462971687316894531e+00
5.384186744689941406e+00
5.352673053741455078e+00
5.352417469024658203e+00
5.353125572204589844e+00
5.383259773254394531e+00
5.386243820190429688e+00
5.384302616119384766e+00
5.422919750213623047e+00
5.459454536437988281e+00
5.496544361114501953e+00
5.496572017669677734e+00
5.459791183471679688e+00
5.496568679809570312e+00
5.496526718139648438e+00
5.461217880249023438e+00
5.462372779846191406e+00
5.496530055999755859e+00
5.496559619903564453e+00
5.461990833282470703e+00
5.461589336395263672e+00
5.496559619903564453e+00
5.496553421020507812e+00
5.463150978088378906e+00
5.423457622528076172e+00
5.353338718414306641e+00
5.352490901947021484e+00
5.385395050048828125e+00
5.422747611999511719e+00
5.463022708892822266e+00
5.496558189392089844e+00
5.496579170227050781e+00
5.462685585021972656e+00
5.462809085845947266e+00
5.496553897857666016e+00
5.496522426605224609e+00
5.463360309600830078e+00
5.420309543609619141e+00
5.421246528625488281e+00
5.385952472686767578e+00
5.351393699645996094e+00
5.353209495544433594e+00
5.351524829864501953e+00
5.385464191436767578e+00
5.421296119689941406e+00
5.385098457336425781e+00
5.353457450866699219e+00
5.351593971252441406e+00
5.385704040527343750e+00
5.419396400451660156e+00
5.315157413482666016e+00
5.313824653625488281e+00
5.312699317932128906e+00
5.314537525177001953e+00
5.496564388275146484e+00
5.496563911437988281e+00
5.464654922485351562e+00
5.464384078979492188e+00
5.464065551757812500e+00
5.496555328369140625e+00
5.496550083160400391e+00
5.463405609130859375e+00
5.419810295104980469e+00
5.419758319854736328e+00
5.386430740356445312e+00
5.352226257324218750e+00
5.386225700378417969e+00
5.312616825103759766e+00
5.312902450561523438e+00
5.312653541564941406e+00
5.496563911437988281e+00
5.496532440185546875e+00
5.457507133483886719e+00
5.456828117370605469e+00
5.458462238311767578e+00
5.496588706970214844e+00
5.496536731719970703e+00
5.458467483520507812e+00
5.419406890869140625e+00
5.420014858245849609e+00
5.388616085052490234e+00
5.388269901275634766e+00
5.357903480529785156e+00
5.357072353363037109e+00
5.388283729553222656e+00
5.313366889953613281e+00
5.311886787414550781e+00
5.312464237213134766e+00
5.385856628417968750e+00
5.386614799499511719e+00
5.355388164520263672e+00
5.355815410614013672e+00
5.387560844421386719e+00
5.420186996459960938e+00
5.419215679168701172e+00
5.421074867248535156e+00
5.387261867523193359e+00
5.355762958526611328e+00
5.385153770446777344e+00
5.355474948883056641e+00
5.310229301452636719e+00
5.311180591583251953e+00
5.310890197753906250e+00
5.309884071350097656e+00
5.307999134063720703e+00
5.311636924743652344e+00
5.355837345123291016e+00
5.385329723358154297e+00
5.356472015380859375e+00
5.386394023895263672e+00
5.384818077087402344e+00
5.422446727752685547e+00
5.421808719635009766e+00
5.420397281646728516e+00
5.460141658782958984e+00
5.458226680755615234e+00
5.496547698974609375e+00
5.496550559997558594e+00
5.496518135070800781e+00
5.458138942718505859e+00
5.457817554473876953e+00
5.496567249298095703e+00
5.496549606323242188e+00
5.462338447570800781e+00
5.462211132049560547e+00
5.496545314788818359e+00
5.496557235717773438e+00
5.496619224548339844e+00
5.461043357849121094e+00
5.496596336364746094e+00
5.496528625488281250e+00
5.460422992706298828e+00
5.459469318389892578e+00
5.459346294403076172e+00
5.496542930603027344e+00
5.496551036834716797e+00
5.496546745300292969e+00
5.460368156433105469e+00
5.459466934204101562e+00
5.496533393859863281e+00
5.496548652648925781e+00
5.459463596343994141e+00
5.460438251495361328e+00
5.496536254882812500e+00
5.496552944183349609e+00
5.496535778045654297e+00
5.462254524230957031e+00
5.461206912994384766e+00
5.461719989776611328e+00
5.461613178253173828e+00
5.496542453765869141e+00
5.496512889862060547e+00
5.307989597320556641e+00
5.387313842773437500e+00
5.348832607269287109e+00
5.386990547180175781e+00
5.418122768402099609e+00
5.419650554656982422e+00
5.416387557983398438e+00
5.418757438659667969e+00
5.414846897125244141e+00
5.386785507202148438e+00
5.458582401275634766e+00
5.496530532836914062e+00
5.496542930603027344e+00
5.458980560302734375e+00
5.459009647369384766e+00
5.458695411682128906e+00
5.496541976928710938e+00
5.496558189392089844e+00
5.496546745300292969e+00
5.496577739715576172e+00
5.459454059600830078e+00
5.458919048309326172e+00
5.458752632141113281e+00
5.458715915679931641e+00
5.496546268463134766e+00
5.496592521667480469e+00
5.387108802795410156e+00
5.385965824127197266e+00
5.387440204620361328e+00
5.421411514282226562e+00
5.420937061309814453e+00
5.420829772949218750e+00
5.354699134826660156e+00
5.385444164276123047e+00
5.354067802429199219e+00
5.353178501129150391e+00
5.385716438293457031e+00
5.421838760375976562e+00
5.459857940673828125e+00
5.460047245025634766e+00
5.496591091156005859e+00
5.496543884277343750e+00
5.496532440185546875e+00
5.460352420806884766e+00
5.460329055786132812e+00
5.496503353118896484e+00
5.496578693389892578e+00
5.458894729614257812e+00
5.459289550781250000e+00
5.496544837951660156e+00
5.496535301208496094e+00
5.496504783630371094e+00
5.459327697753906250e+00
5.459514141082763672e+00
5.419722080230712891e+00
5.419856071472167969e+00
5.385351657867431641e+00
5.350471019744873047e+00
5.354814052581787109e+00
5.352295398712158203e+00
5.350408077239990234e+00
5.385097503662109375e+00
5.416783332824707031e+00
5.417536258697509766e+00
5.354727268218994141e+00
5.386555194854736328e+00
5.350725650787353516e+00
5.416062355041503906e+00
5.415013313293457031e+00
5.459102630615234375e+00
5.496569156646728516e+00
5.496563434600830078e+00
5.459348201751708984e+00
5.459714412689208984e+00
5.459545135498046875e+00
5.496571540832519531e+00
5.496498584747314453e+00
5.496520519256591797e+00
5.496575832366943359e+00
5.458577156066894531e+00
5.459011077880859375e+00
5.458880424499511719e+00
5.459508895874023438e+00
5.496541023254394531e+00
5.496595859527587891e+00
5.496544837951660156e+00
5.463336467742919922e+00
5.463356494903564453e+00
5.496524333953857422e+00
5.496537208557128906e+00
5.496541500091552734e+00
5.463325977325439453e+00
5.463150501251220703e+00
5.419796943664550781e+00
5.420635223388671875e+00
5.385919094085693359e+00
5.384987831115722656e+00
5.355399608612060547e+00
5.385115623474121094e+00
5.356430053710937500e+00
5.315939903259277344e+00
5.316328048706054688e+00
5.317378520965576172e+00
5.316686153411865234e+00
5.385818004608154297e+00
5.384663105010986328e+00
5.421041488647460938e+00
5.423355579376220703e+00
5.424905776977539062e+00
5.388024330139160156e+00
5.357030391693115234e+00
5.355933189392089844e+00
5.358072757720947266e+00
5.316621780395507812e+00
5.316553592681884766e+00
5.312988281250000000e+00
5.314545631408691406e+00
5.496581554412841797e+00
5.496526718139648438e+00
5.458681106567382812e+00
5.458615779876708984e+00
5.459055423736572266e+00
5.459446907043457031e+00
5.496556758880615234e+00
5.496514320373535156e+00
5.385730266571044922e+00
5.385185241699218750e+00
5.384023666381835938e+00
5.355846881866455078e+00
5.354647159576416016e+00
5.356413841247558594e+00
5.388404846191406250e+00
5.387148857116699219e+00
5.418234825134277344e+00
5.417404174804687500e+00
5.418014526367187500e+00
5.418146133422851562e+00
5.349745273590087891e+00
5.350839614868164062e+00
5.351573467254638672e+00
5.352488994598388672e+00
5.384531974792480469e+00
5.353395462036132812e+00
5.307865142822265625e+00
5.308982372283935547e+00
5.308524131774902344e+00
5.460900306701660156e+00
5.460483074188232422e+00
5.496522903442382812e+00
5.496554374694824219e+00
5.382433414459228516e+00
5.355741500854492188e+00
5.354835510253906250e+00
5.413452625274658203e+00
5.413691997528076172e+00
5.412384033203125000e+00
5.412447452545166016e+00
5.384035110473632812e+00
5.355041027069091797e+00
5.383726596832275391e+00
5.311047077178955078e+00
5.312109470367431641e+00
5.310201644897460938e+00
5.311303615570068359e+00
5.312305450439453125e+00
5.311835765838623047e+00
5.355880737304687500e+00
5.358817100524902344e+00
5.383409500122070312e+00
5.414098262786865234e+00
5.415978431701660156e+00
5.417248725891113281e+00
5.417987346649169922e+00
5.356226444244384766e+00
5.357641220092773438e+00
5.384368419647216797e+00
5.386077880859375000e+00
5.360724925994873047e+00
5.362684249877929688e+00
5.358911037445068359e+00
5.385151863098144531e+00
5.419302940368652344e+00
5.419956684112548828e+00
5.386813163757324219e+00
5.311866283416748047e+00
5.311951637268066406e+00
5.417641162872314453e+00
5.362385749816894531e+00
5.362206459045410156e+00
5.384088039398193359e+00
5.415307044982910156e+00
5.383812904357910156e+00
5.360406875610351562e+00
5.359408378601074219e+00
5.384911060333251953e+00
5.414967060089111328e+00
5.310025215148925781e+00
5.315441131591796875e+00
5.310962200164794922e+00
5.312965393066406250e+00
5.314277648925781250e+00
5.313706874847412109e+00
5.316801548004150391e+00
5.311981201171875000e+00
5.317829132080078125e+00
5.315842151641845703e+00
5.360833644866943359e+00
5.360939025878906250e+00
5.416942596435546875e+00
5.417352676391601562e+00
5.416142940521240234e+00
5.414939403533935547e+00
5.383275032043457031e+00
5.359464645385742188e+00
5.358907699584960938e+00
5.384737968444824219e+00
5.415003776550292969e+00
5.462083816528320312e+00
5.496582984924316406e+00
5.496559143066406250e+00
5.461613655090332031e+00
5.461770534515380859e+00
5.462701320648193359e+00
5.496524810791015625e+00
5.496543407440185547e+00
5.314215660095214844e+00
5.311782360076904297e+00
5.384634494781494141e+00
5.385845661163330078e+00
5.386955261230468750e+00
5.353507518768310547e+00
5.420847892761230469e+00
5.420914649963378906e+00
5.422043800354003906e+00
5.383512020111083984e+00
5.356022357940673828e+00
5.355459690093994141e+00
5.383435249328613281e+00
5.315697669982910156e+00
5.315663814544677734e+00
5.315008640289306641e+00
5.385038375854492188e+00
5.356854915618896484e+00
5.356731891632080078e+00
5.384075164794921875e+00
5.421706676483154297e+00
5.420307159423828125e+00
5.420363903045654297e+00
5.463079929351806641e+00
5.463574409484863281e+00
5.496577262878417969e+00
5.496585845947265625e+00
5.496548175811767578e+00
5.463859081268310547e+00
5.463859081268310547e+00
5.496532917022705078e+00
5.496572494506835938e+00
5.462239742279052734e+00
5.461786746978759766e+00
5.461861610412597656e+00
5.496551513671875000e+00
5.496543884277343750e+00
5.461615562438964844e+00
5.461406707763671875e+00
5.496567249298095703e+00
5.496590614318847656e+00
5.496535301208496094e+00
5.460437297821044922e+00
5.461037158966064453e+00
5.314324378967285156e+00
5.313878059387207031e+00
5.388410091400146484e+00
5.389282226562500000e+00
5.358341693878173828e+00
5.425337791442871094e+00
5.423814773559570312e+00
5.422398090362548828e+00
5.463985919952392578e+00
5.496530532836914062e+00
5.496577739715576172e+00
5.463683605194091797e+00
5.463537216186523438e+00
5.463700771331787109e+00
5.496584892272949219e+00
5.496561527252197266e+00
5.462432384490966797e+00
5.462842941284179688e+00
5.462210178375244141e+00
5.496578693389892578e+00
5.496564388275146484e+00
5.381899356842041016e+00
5.355526447296142578e+00
5.420254230499267578e+00
5.418329715728759766e+00
5.417144775390625000e+00
5.418253421783447266e+00
5.417946338653564453e+00
5.380734443664550781e+00
5.359407901763916016e+00
5.379712581634521484e+00
5.380785465240478516e+00
5.315723419189453125e+00
5.313682556152343750e+00
5.356019020080566406e+00
5.381134986877441406e+00
5.421151161193847656e+00
5.421124458312988281e+00
5.381030559539794922e+00
5.354946613311767578e+00
5.421803951263427734e+00
5.423604965209960938e+00
5.381732940673828125e+00
5.354547977447509766e+00
5.312509536743164062e+00
5.311507701873779297e+00
5.312213420867919922e+00
5.424392700195312500e+00
5.425406932830810547e+00
5.382449150085449219e+00
5.383634090423583984e+00
5.385332584381103516e+00
5.354894638061523438e+00
5.355653285980224609e+00
5.385674476623535156e+00
5.426118850708007812e+00
5.425572872161865234e+00
5.385941982269287109e+00
5.354891300201416016e+00
5.358238697052001953e+00
5.356599330902099609e+00
5.385994434356689453e+00
5.424305915832519531e+00
5.309745788574218750e+00
5.312001228332519531e+00
5.310263633728027344e+00
5.312822818756103516e+00
5.313667297363281250e+00
5.309021949768066406e+00
5.309284687042236328e+00
5.357724666595458984e+00
5.387298583984375000e+00
5.386313438415527344e+00
5.421398639678955078e+00
5.420954704284667969e+00
5.421624660491943359e+00
5.386493206024169922e+00
5.386785507202148438e+00
5.358987331390380859e+00
5.358968257904052734e+00
5.385860919952392578e+00
5.465131759643554688e+00
5.496569633483886719e+00
5.496528625488281250e+00
5.464605331420898438e+00
5.464025974273681641e+00
5.464268684387207031e+00
5.496560096740722656e+00
5.496559143066406250e+00
5.351849079132080078e+00
5.384436130523681641e+00
5.351729393005371094e+00
5.350762844085693359e+00
5.420014858245849609e+00
5.419405460357666016e+00
5.350255012512207031e+00
5.350645542144775391e+00
5.385779857635498047e+00
5.309027194976806641e+00
5.310337543487548828e+00
5.309645652770996094e+00
5.310094833374023438e+00
5.311443328857421875e+00
5.308749675750732422e+00
5.311151504516601562e+00
5.311102867126464844e+00
5.312159538269042969e+00
5.419994831085205078e+00
5.384401321411132812e+00
5.353322505950927734e+00
5.352499961853027344e+00
5.353998661041259766e+00
5.384787559509277344e+00
5.420027256011962891e+00
5.385062694549560547e+00
5.352907657623291016e+00
5.385099411010742188e+00
5.386360168457031250e+00
5.387123584747314453e+00
5.416270732879638672e+00
5.308138370513916016e+00
5.309394359588623047e+00
5.309867858886718750e+00
5.309155464172363281e+00
5.422227859497070312e+00
5.385659217834472656e+00
5.353859424591064453e+00
5.352168560028076172e+00
5.351380348205566406e+00
5.386225223541259766e+00
5.314276218414306641e+00
5.313877582550048828e+00
5.316751956939697266e+00
5.317455768585205078e+00
5.317786693572998047e+00
5.315146923065185547e+00
5.312952041625976562e+00
5.312720298767089844e+00
5.310662746429443359e+00
5.312633991241455078e+00
5.419786930084228516e+00
5.385399818420410156e+00
5.352468013763427734e+00
5.386512279510498047e+00
5.420691013336181641e+00
5.421353340148925781e+00
5.386700153350830078e+00
5.387756347656250000e+00
5.355414390563964844e+00
5.354300975799560547e+00
5.352823734283447266e+00
5.387285709381103516e+00
5.421896934509277344e+00
5.422709941864013672e+00
5.464805603027343750e+00
5.496551513671875000e+00
5.496563434600830078e+00
5.465471744537353516e+00
5.465281963348388672e+00
5.496560096740722656e+00
5.496573925018310547e+00
5.463882446289062500e+00
5.354399681091308594e+00
5.387930393218994141e+00
5.419604778289794922e+00
5.419564247131347656e+00
5.386589527130126953e+00
5.356303691864013672e+00
5.355880737304687500e+00
5.353709697723388672e+00
5.417960643768310547e+00
5.383948802947998047e+00
5.309095382690429688e+00
5.309751510620117188e+00
5.308618545532226562e+00
5.308556079864501953e+00
5.312613010406494141e+00
5.311812400817871094e+00
5.310886859893798828e+00
5.417916297912597656e+00
5.384088039398193359e+00
5.385648250579833984e+00
5.351060867309570312e+00
5.417695999145507812e+00
5.416055679321289062e+00
5.386038303375244141e+00
5.388024330139160156e+00
5.351736068725585938e+00
5.350640773773193359e+00
5.351219177246093750e+00
5.313733577728271484e+00
5.311918735504150391e+00
5.309659481048583984e+00
5.308694362640380859e+00
5.310109615325927734e+00
5.308427333831787109e+00
5.312696933746337891e+00
5.311113834381103516e+00
5.313684463500976562e+00
5.414374351501464844e+00
5.390705585479736328e+00
5.355206489562988281e+00
5.354812145233154297e+00
5.354628562927246094e+00
5.390129566192626953e+00
5.412689208984375000e+00
5.312563419342041016e+00
5.310812473297119141e+00
5.412829875946044922e+00
5.352983474731445312e+00
5.389300823211669922e+00
5.388456344604492188e+00
5.411396026611328125e+00
5.411118030548095703e+00
5.409807205200195312e+00
5.387754440307617188e+00
5.352158069610595703e+00
5.310345172882080078e+00
5.310824871063232422e+00
5.312691211700439453e+00
5.311609745025634766e+00
5.310244083404541016e+00
5.313328742980957031e+00
5.310119152069091797e+00
5.312021255493164062e+00
5.349719047546386719e+00
5.350726604461669922e+00
5.385355949401855469e+00
5.352117538452148438e+00
5.353438377380371094e+00
5.355201244354248047e+00
5.412956237792968750e+00
5.412431716918945312e+00
5.411622524261474609e+00
5.386100292205810547e+00
5.350597858428955078e+00
5.496542453765869141e+00
5.496563911437988281e+00
5.465425968170166016e+00
5.465394973754882812e+00
5.465558052062988281e+00
5.465726852416992188e+00
5.496553421020507812e+00
5.496532917022705078e+00
5.496571063995361328e+00
5.496515274047851562e+00
5.461738109588623047e+00
5.461435317993164062e+00
5.460897922515869141e+00
5.460651874542236328e+00
5.496545314788818359e+00
5.496545791625976562e+00
