1.095096945762634277e+00
1.072148442268371582e+00
1.038612008094787598e+00
1.050209760665893555e+00
1.086613059043884277e+00
1.043344259262084961e+00
1.010707855224609375e+00
1.023281574249267578e+00
1.005359768867492676e+00
9.857919216156005859e-01
9.378753900527954102e-01
8.824282884597778320e-01
8.753030896186828613e-01
8.556950688362121582e-01
8.929958343505859375e-01
9.357205629348754883e-01
9.192221164703369141e-01
9.173123836517333984e-01
9.318238496780395508e-01
8.909745812416076660e-01
8.050634860992431641e-01
7.908762097358703613e-01
7.827710509300231934e-01
8.138411045074462891e-01
8.055820465087890625e-01
8.374176025390625000e-01
8.174677491188049316e-01
7.720100879669189453e-01
7.565103173255920410e-01
7.994896769523620605e-01
7.706277370452880859e-01
8.174835443496704102e-01
8.412933945655822754e-01
9.370375871658325195e-01
8.894624710083007812e-01
8.644030690193176270e-01
9.112209677696228027e-01
3.487706780433654785e-01
3.440519869327545166e-01
2.997809648513793945e-01
3.018495738506317139e-01
2.550307810306549072e-01
2.569620013236999512e-01
2.043398171663284302e-01
2.081338912248611450e-01
1.567512631416320801e+00
1.520624518394470215e+00
1.518062949180603027e+00
1.567395567893981934e+00
1.611463785171508789e+00
1.614353179931640625e+00
1.661277770996093750e+00
1.690557360649108887e+00
1.653112173080444336e+00
1.673881530761718750e+00
1.656213164329528809e+00
1.662365078926086426e+00
1.624928832054138184e+00
1.554241180419921875e+00
1.517351388931274414e+00
1.541333556175231934e+00
1.550012111663818359e+00
1.592517614364624023e+00
1.562786936759948730e+00
1.566918015480041504e+00
1.569739222526550293e+00
1.536109566688537598e+00
1.629534602165222168e+00
1.660646319389343262e+00
1.687877178192138672e+00
1.733968019485473633e+00
1.712213397026062012e+00
1.737793684005737305e+00
1.730679750442504883e+00
1.726993203163146973e+00
1.761475324630737305e+00
1.743351101875305176e+00
5.220491886138916016e+00
5.160381317138671875e+00
5.068559646606445312e+00
5.093200683593750000e+00
5.082592964172363281e+00
5.122776985168457031e+00
5.152760028839111328e+00
5.173850059509277344e+00
3.348775863647460938e+00
3.368904829025268555e+00
3.323855400085449219e+00
3.301872968673706055e+00
3.254996061325073242e+00
3.281416654586791992e+00
3.236991405487060547e+00
3.208098411560058594e+00
3.067504882812500000e+00
3.020643949508666992e+00
3.048877954483032227e+00
5.163877010345458984e+00
5.188391208648681641e+00
5.162501811981201172e+00
5.225752830505371094e+00
5.219557762145996094e+00
5.225398540496826172e+00
5.231747627258300781e+00
5.214831352233886719e+00
5.211100101470947266e+00
5.223752498626708984e+00
5.176874160766601562e+00
5.157258510589599609e+00
5.130014419555664062e+00
5.083121776580810547e+00
5.103758335113525391e+00
5.054669380187988281e+00
5.036277294158935547e+00
4.989373683929443359e+00
5.010310173034667969e+00
4.963781356811523438e+00
4.942485332489013672e+00
4.895648956298828125e+00
4.907924175262451172e+00
4.907236576080322266e+00
4.922987461090087891e+00
4.963647365570068359e+00
4.957062721252441406e+00
4.957120418548583984e+00
4.671806812286376953e+00
4.661260604858398438e+00
4.614375114440917969e+00
4.625892162322998047e+00
4.578523635864257812e+00
4.567485332489013672e+00
4.520625114440917969e+00
4.526085376739501953e+00
4.504806518554687500e+00
4.535193443298339844e+00
4.506076335906982422e+00
4.522840499877929688e+00
4.596139430999755859e+00
4.572094440460205078e+00
4.587934494018554688e+00
4.590848445892333984e+00
4.637785434722900391e+00
4.640724658966064453e+00
4.620313644409179688e+00
4.668376445770263672e+00
4.668611526489257812e+00
4.648993492126464844e+00
4.567225933074951172e+00
4.546566009521484375e+00
4.519155502319335938e+00
4.333121776580810547e+00
4.379982948303222656e+00
4.379689693450927734e+00
4.334395885467529297e+00
4.428187847137451172e+00
4.426885128021240234e+00
4.473773479461669922e+00
4.477798461914062500e+00
4.465417385101318359e+00
4.423594474792480469e+00
4.411492347717285156e+00
4.461589336395263672e+00
4.457647800445556641e+00
4.463151454925537109e+00
4.488892078399658203e+00
4.433810234069824219e+00
1.333139300346374512e+00
1.380004048347473145e+00
1.375059843063354492e+00
1.330319881439208984e+00
1.419988393783569336e+00
1.426908254623413086e+00
1.473724126815795898e+00
1.466949820518493652e+00
1.485700726509094238e+00
1.420145034790039062e+00
1.436328291893005371e+00
1.412799000740051270e+00
1.429063081741333008e+00
1.421483278274536133e+00
1.499243497848510742e+00
1.412210822105407715e+00
1.371185302734375000e+00
1.398233652114868164e+00
1.338119268417358398e+00
1.354457259178161621e+00
1.350996017456054688e+00
1.402077555656433105e+00
1.392616748809814453e+00
1.370114803314208984e+00
1.339912652969360352e+00
1.260420083999633789e+00
1.225123643875122070e+00
1.253293156623840332e+00
1.302597284317016602e+00
1.308167219161987305e+00
1.300076007843017578e+00
1.309487938880920410e+00
1.266165375709533691e+00
1.177760004997253418e+00
1.212900161743164062e+00
1.167303442955017090e+00
1.138326525688171387e+00
1.134029388427734375e+00
1.193145513534545898e+00
1.203094244003295898e+00
1.196784734725952148e+00
1.197193026542663574e+00
1.165982723236083984e+00
1.142630100250244141e+00
1.135112047195434570e+00
1.185483694076538086e+00
1.192513704299926758e+00
1.145612001419067383e+00
1.286245942115783691e+00
1.274175167083740234e+00
1.230022072792053223e+00
1.239377856254577637e+00
1.004989266395568848e+00
1.033468365669250488e+00
9.826579093933105469e-01
9.581626653671264648e-01
1.098759770393371582e+00
1.051895737648010254e+00
1.087945938110351562e+00
2.130003690719604492e+00
2.083121538162231445e+00
2.105607509613037109e+00
2.158583641052246094e+00
2.209710359573364258e+00
2.223770380020141602e+00
2.176846742630004883e+00
2.036301136016845703e+00
2.058311462402343750e+00
2.015127658843994141e+00
1.989412307739257812e+00
1.942486524581909180e+00
1.968640327453613281e+00
1.919214844703674316e+00
1.895637273788452148e+00
2.692508935928344727e+00
2.645656108856201172e+00
2.671474933624267578e+00
2.719612121582031250e+00
2.765091896057128906e+00
2.813541412353515625e+00
2.786271810531616211e+00
2.739366292953491211e+00
5.952463626861572266e+00
5.911767005920410156e+00
5.952624320983886719e+00
5.964357376098632812e+00
5.998953819274902344e+00
5.942545890808105469e+00
5.913560390472412109e+00
5.915483951568603516e+00
5.880318641662597656e+00
5.863745212554931641e+00
5.833262920379638672e+00
5.833132743835449219e+00
5.880033493041992188e+00
5.876979351043701172e+00
5.925131320953369141e+00
5.974209308624267578e+00
5.973758697509765625e+00
5.926867961883544922e+00
5.692496299743652344e+00
5.645629405975341797e+00
5.641343593597412109e+00
5.691958427429199219e+00
5.740716934204101562e+00
5.788878917694091797e+00
5.786229133605957031e+00
5.739343166351318359e+00
5.376309871673583984e+00
5.356250762939453125e+00
5.429486751556396484e+00
5.393248081207275391e+00
5.359985828399658203e+00
5.326468467712402344e+00
5.335309505462646484e+00
5.320988655090332031e+00
5.292820930480957031e+00
5.285598754882812500e+00
5.270339012145996094e+00
5.276296615600585938e+00
5.258281707763671875e+00
5.302573680877685547e+00
5.317536830902099609e+00
5.270616054534912109e+00
5.411273956298828125e+00
5.394949436187744141e+00
5.347279548645019531e+00
5.364367961883544922e+00
5.505003452301025391e+00
5.497735500335693359e+00
5.447457313537597656e+00
5.458106994628906250e+00
5.598779678344726562e+00
5.551877498626708984e+00
5.544497013092041016e+00
5.593403339385986328e+00
5.624496459960937500e+00
5.583961963653564453e+00
6.804944872856140137e-01
6.638263463973999023e-01
6.832144856452941895e-01
6.829258799552917480e-01
6.991662979125976562e-01
7.460118532180786133e-01
6.910476088523864746e-01
6.225096583366394043e-01
6.452784538269042969e-01
5.974319577217102051e-01
6.067247390747070312e-01
6.017364859580993652e-01
5.700326561927795410e-01
5.756503343582153320e-01
5.831245183944702148e-01
6.300458312034606934e-01
6.227756142616271973e-01
6.674543619155883789e-01
7.128811478614807129e-01
7.238019704818725586e-01
6.768453121185302734e-01
4.424633383750915527e-01
3.956349492073059082e-01
3.877864480018615723e-01
4.312264323234558105e-01
4.781692326068878174e-01
5.253171324729919434e-01
5.362477302551269531e-01
4.894030094146728516e-01
4.005001068115234375e+00
4.022195816040039062e+00
3.975116968154907227e+00
3.958101749420166016e+00
4.098746776580810547e+00
4.051918983459472656e+00
4.068233966827392578e+00
4.113051414489746094e+00
4.099212169647216797e+00
4.040607452392578125e+00
4.073038578033447266e+00
4.066523075103759766e+00
4.088584899902343750e+00
4.121200084686279297e+00
4.122504711151123047e+00
4.089083671569824219e+00
4.095502853393554688e+00
4.014358520507812500e+00
3.963282823562622070e+00
3.963315010070800781e+00
4.031981468200683594e+00
3.990409612655639648e+00
3.913646221160888672e+00
3.853050231933593750e+00
3.852059602737426758e+00
3.911590337753295898e+00
3.899199485778808594e+00
3.927596330642700195e+00
3.896332979202270508e+00
3.854509830474853516e+00
3.892697095870971680e+00
3.877953052520751953e+00
6.749962270259857178e-02
2.063488587737083435e-02
2.041311562061309814e-02
6.593886762857437134e-02
1.100669652223587036e-01
1.548629701137542725e-01
1.612361222505569458e-01
1.143509969115257263e-01
1.436592042446136475e-01
1.109052151441574097e-01
1.027318909764289856e-01
1.068020537495613098e-01
1.112791076302528381e-01
1.252901703119277954e-01
1.697688102722167969e-01
1.510851085186004639e-01
1.809346228837966919e-01
1.351095885038375854e-01
8.212017267942428589e-02
3.986088931560516357e-02
2.260701172053813934e-02
2.649591118097305298e-02
4.896473884582519531e-02
5.927273258566856384e-02
5.978759005665779114e-02
9.270752221345901489e-02
7.430577278137207031e-02
1.450326442718505859e-01
2.730374932289123535e-01
2.349116563796997070e+00
2.397054433822631836e+00
2.411226749420166016e+00
2.364402770996093750e+00
2.386398553848266602e+00
2.367802619934082031e+00
2.352241039276123047e+00
2.392331361770629883e+00
2.342750310897827148e+00
2.320494413375854492e+00
2.259028434753417969e+00
2.253992795944213867e+00
2.301256179809570312e+00
2.314266681671142578e+00
2.320763349533081055e+00
2.311454534530639648e+00
2.261658668518066406e+00
2.288555622100830078e+00
2.381874084472656250e+00
2.453231334686279297e+00
2.455717563629150391e+00
2.479465723037719727e+00
2.451350688934326172e+00
2.441181659698486328e+00
2.462754726409912109e+00
2.492872714996337891e+00
2.522858858108520508e+00
2.508489131927490234e+00
2.488007068634033203e+00
2.505846261978149414e+00
2.562158346176147461e+00
2.561646938323974609e+00
2.568008422851562500e+00
2.541159629821777344e+00
2.544997692108154297e+00
2.549166917800903320e+00
2.583421230316162109e+00
2.587095022201538086e+00
2.568834304809570312e+00
2.661569118499755859e+00
2.661011695861816406e+00
2.658578872680664062e+00
2.634777307510375977e+00
2.703420162200927734e+00
2.731755018234252930e+00
2.749224424362182617e+00
2.726824998855590820e+00
2.804568767547607422e+00
2.774158477783203125e+00
2.782217264175415039e+00
2.754164695739746094e+00
2.831949949264526367e+00
2.826857566833496094e+00
2.820603132247924805e+00
2.852602005004882812e+00
2.843937635421752930e+00
2.845194339752197266e+00
2.845816850662231445e+00
2.873369216918945312e+00
2.971687316894531250e+00
2.918582201004028320e+00
2.957265377044677734e+00
2.984390020370483398e+00
2.922114849090576172e+00
2.888655662536621094e+00
2.866242647171020508e+00
2.906047821044921875e+00
2.906291723251342773e+00
2.865501880645751953e+00
2.830612182617187500e+00
2.825252771377563477e+00
2.861929893493652344e+00
2.833104372024536133e+00
2.880006790161132812e+00
2.912311553955078125e+00
2.955815076828002930e+00
2.999171733856201172e+00
2.973787784576416016e+00
2.926877737045288086e+00
5.317223072052001953e+00
5.413382053375244141e+00
4.328721523284912109e+00
4.330288410186767578e+00
4.334980010986328125e+00
4.385922908782958984e+00
4.368094921112060547e+00
4.329689502716064453e+00
4.272854328155517578e+00
4.267430782318115234e+00
4.287197589874267578e+00
4.270197391510009766e+00
4.314375877380371094e+00
4.284094810485839844e+00
4.183335304260253906e+00
4.160608768463134766e+00
4.162293434143066406e+00
4.165572166442871094e+00
4.213096618652343750e+00
4.213768959045410156e+00
4.213356494903564453e+00
4.187156677246093750e+00
4.136212348937988281e+00
4.160574436187744141e+00
4.205763816833496094e+00
4.192521095275878906e+00
4.145616531372070312e+00
4.286253929138183594e+00
4.292606830596923828e+00
4.249306678771972656e+00
4.239362239837646484e+00
2.598747014999389648e+00
2.626263856887817383e+00
2.581360340118408203e+00
2.536393880844116211e+00
2.551883935928344727e+00
2.505012750625610352e+00
2.492314815521240234e+00
2.444651842117309570e+00
2.458116531372070312e+00
2.317507505416870117e+00
2.270596742630004883e+00
2.255326271057128906e+00
2.302667379379272461e+00
3.814978599548339844e+00
3.795104980468750000e+00
3.756805181503295898e+00
3.773760318756103516e+00
3.795165300369262695e+00
3.801097631454467773e+00
3.776818037033081055e+00
3.754782199859619141e+00
3.787563800811767578e+00
3.770640373229980469e+00
3.817526340484619141e+00
3.832736968994140625e+00
3.927065372467041016e+00
3.878007650375366211e+00
3.864367246627807617e+00
3.911268472671508789e+00
3.096897363662719727e+00
3.188614130020141602e+00
3.144172191619873047e+00
3.161258697509765625e+00
3.114389657974243164e+00
3.110453844070434570e+00
3.171899557113647461e+00
3.160022974014282227e+00
3.145055294036865234e+00
3.122449636459350586e+00
3.063090324401855469e+00
3.013505220413208008e+00
3.021994352340698242e+00
3.044715881347656250e+00
3.077996253967285156e+00
3.093490600585937500e+00
3.047996997833251953e+00
3.186774015426635742e+00
3.206017017364501953e+00
3.201405048370361328e+00
3.199970006942749023e+00
3.261970520019531250e+00
3.269832372665405273e+00
3.295562267303466797e+00
3.308263301849365234e+00
3.338313341140747070e+00
3.335275173187255859e+00
3.375283956527709961e+00
3.289356946945190430e+00
3.454223155975341797e+00
3.396218776702880859e+00
3.385005235671997070e+00
3.412943601608276367e+00
3.389613866806030273e+00
3.407162904739379883e+00
3.424222469329833984e+00
3.402252435684204102e+00
3.432214975357055664e+00
3.466339826583862305e+00
3.438714504241943359e+00
3.483584403991699219e+00
3.498298883438110352e+00
3.477603673934936523e+00
3.554618358612060547e+00
3.544447898864746094e+00
3.538711786270141602e+00
3.538926362991333008e+00
3.562179327011108398e+00
3.708707332611083984e+00
3.716659307479858398e+00
3.730475425720214844e+00
3.738150119781494141e+00
3.671122550964355469e+00
3.705853700637817383e+00
3.714369058609008789e+00
3.745638847351074219e+00
3.711037158966064453e+00
3.707332134246826172e+00
3.663408279418945312e+00
3.612818241119384766e+00
3.650431156158447266e+00
3.592641830444335938e+00
3.602843761444091797e+00
3.572282791137695312e+00
3.577417612075805664e+00
3.597848653793334961e+00
3.583106756210327148e+00
3.630020141601562500e+00
3.646314859390258789e+00
3.694491624832153320e+00
3.739867687225341797e+00
3.723756551742553711e+00
3.676870822906494141e+00
5.610180377960205078e+00
5.588250637054443359e+00
5.572288513183593750e+00
5.567688465118408203e+00
5.529201984405517578e+00
5.471574783325195312e+00
5.493596553802490234e+00
5.517704963684082031e+00
5.521299362182617188e+00
5.526061058044433594e+00
5.532956123352050781e+00
5.537176132202148438e+00
5.622059822082519531e+00
5.613323688507080078e+00
5.609488964080810547e+00
5.702797412872314453e+00
5.664314270019531250e+00
5.660212516784667969e+00
5.665773391723632812e+00
5.631454944610595703e+00
5.660142421722412109e+00
5.642262458801269531e+00
5.699584960937500000e+00
5.688462734222412109e+00
5.722030162811279297e+00
5.730727195739746094e+00
5.773553848266601562e+00
5.768180370330810547e+00
5.776223182678222656e+00
5.800146102905273438e+00
5.801312923431396484e+00
5.801605224609375000e+00
5.818119525909423828e+00
5.864301204681396484e+00
5.866158962249755859e+00
5.005435943603515625e+00
4.981444358825683594e+00
5.033662796020507812e+00
5.038644790649414062e+00
5.018996715545654297e+00
5.030243873596191406e+00
5.062320709228515625e+00
5.042785167694091797e+00
4.959574222564697266e+00
4.931475639343261719e+00
4.866534233093261719e+00
4.873664855957031250e+00
4.857113361358642578e+00
4.772060394287109375e+00
4.722993373870849609e+00
4.691512107849121094e+00
4.709583282470703125e+00
4.711956977844238281e+00
4.727601528167724609e+00
4.740357398986816406e+00
4.745161056518554688e+00
4.788714885711669922e+00
4.792336463928222656e+00
4.809543132781982422e+00
4.810985565185546875e+00
4.814290523529052734e+00
4.788327693939208984e+00
4.869721412658691406e+00
4.835330486297607422e+00
4.872286319732666016e+00
4.854646205902099609e+00
4.848759174346923828e+00
4.801870346069335938e+00
4.805555343627929688e+00
4.757314205169677734e+00
4.755008220672607422e+00
4.708092212677001953e+00
4.716372013092041016e+00
2.209737151861190796e-01
2.243410050868988037e-01
2.193784713745117188e-01
2.711822986602783203e-01
2.737928032875061035e-01
2.744976282119750977e-01
2.518151700496673584e-01
2.991474270820617676e-01
3.348149955272674561e-01
3.536677062511444092e-01
3.648756146430969238e-01
2.938453555107116699e-01
3.129161298274993896e-01
4.340968132019042969e-01
3.988432884216308594e-01
4.062964320182800293e-01
4.035281538963317871e-01
3.949434757232666016e-01
3.966043889522552490e-01
4.164145290851593018e-01
4.342928230762481689e-01
4.427378773689270020e-01
5.048241019248962402e-01
4.903097152709960938e-01
5.169726014137268066e-01
4.903613924980163574e-01
4.791724681854248047e-01
5.490734577178955078e-01
5.379965901374816895e-01
5.559031963348388672e-01
4.899838864803314209e-01
5.835454463958740234e-01
5.919685959815979004e-01
6.148552894592285156e-01
6.810733079910278320e-01
6.709644198417663574e-01
6.998885273933410645e-01
1.786466240882873535e+00
1.788241744041442871e+00
1.808368444442749023e+00
1.786972522735595703e+00
1.871812582015991211e+00
1.872283697128295898e+00
1.867442488670349121e+00
1.843874454498291016e+00
1.946693181991577148e+00
1.929159522056579590e+00
1.970720529556274414e+00
1.925949215888977051e+00
1.988109469413757324e+00
1.994612097740173340e+00
2.053468942642211914e+00
2.045425653457641602e+00
2.032725811004638672e+00
2.038748264312744141e+00
2.064041137695312500e+00
1.986463546752929688e+00
2.092492103576660156e+00
2.101964950561523438e+00
2.109335184097290039e+00
2.215800046920776367e+00
2.217392206192016602e+00
2.230215311050415039e+00
2.164286613464355469e+00
2.174079895019531250e+00
2.172430753707885742e+00
2.204938173294067383e+00
2.230802297592163086e+00
2.236078262329101562e+00
2.178445577621459961e+00
2.124069929122924805e+00
2.080866098403930664e+00
2.091151714324951172e+00
2.110688447952270508e+00
3.442475080490112305e+00
3.395634651184082031e+00
3.413754224777221680e+00
3.459531784057617188e+00
3.503702878952026367e+00
3.548577547073364258e+00
3.536260604858398438e+00
3.489340066909790039e+00
1.755027651786804199e+00
1.708114862442016602e+00
1.730718016624450684e+00
1.777153491973876953e+00
1.825889110565185547e+00
1.873095631599426270e+00
1.848726034164428711e+00
1.801873445510864258e+00
